Module_0 0.0 12.5663706144 12.5663706144 1.57079632679 0 0
Module_4 0.0 12.5663706144 12.5663706144 1.57079632679 0 0
Module_6 0.0 12.5663706144 12.5663706144 1.57079632679 0 0
Module_8 0.0 12.5663706144 12.5663706144 1.57079632679 0 0
Module_11 0.0 12.5663706144 12.5663706144 1.57079632679 0 0
Module_16 0.0 12.5663706144 12.5663706144 1.57079632679 0 0
Module_14 0.0 12.5663706144 12.5663706144 1.57079632679 0 0
Module_18 0.0 12.5663706144 12.5663706144 1.57079632679 0 0
Module_15 0.0 0.0 0.0 -0.541052068118 1 0
Module_5 0.0 0.0 0.0 0.541052068118 1 0
Module_1 0.0 0.0 0.0 -1.06465084372 1 0
Module_13 0.0 0.0 0.0 1.06465084372 1 0
Module_3 0.0 0.0 0.0 -0.698131700798 2 0
Module_17 0.0 0.0 0.0 0.698131700798 2 0
Module_2 0.0 0.0 0.698131700798 0.0 3 0
Module_12 0.0 0.698131700798 0.0 0.0 3 0
Module_3 0.0 0.0 0.0 -1.57079632679 2 0
Module_15 0.0 0.0 0.0 -1.57079632679 3 0
Module_1 0.0 0.0 0.0 -1.57079632679 4 0
Module_13 0.0 0.0 0.0 1.57079632679 4 0
Module_5 0.0 0.0 0.0 1.57079632679 5 0
Module_17 0.0 0.0 0.0 1.57079632679 4 0
Module_12 0.0 0.0 0.0 0.0 3 0
Module_2 0.0 0.0 0.0 0.0 3 0
Module_0 0.0 17.4532925199 17.4532925199 1.57079632679 7 0
Module_4 0.0 17.4532925199 17.4532925199 1.57079632679 7 0
Module_6 0.0 17.4532925199 17.4532925199 1.57079632679 7 0
Module_8 0.0 17.4532925199 17.4532925199 1.57079632679 7 0
Module_11 0.0 17.4532925199 17.4532925199 1.57079632679 7 0
Module_14 0.0 17.4532925199 17.4532925199 1.57079632679 7 0
Module_18 0.0 17.4532925199 17.4532925199 1.57079632679 7 0
Module_16 0.0 17.4532925199 17.4532925199 1.57079632679 7 0
- Module_9 Module_10 1 1 8
- Module_11 Module_8 1 1 1
Module_0 0.0 8.72664625997 8.72664625997 1.57079632679 2 0
Module_6 0.0 8.72664625997 8.72664625997 1.57079632679 2 0
Module_8 0.0 8.72664625997 8.72664625997 1.57079632679 2 0
Module_4 0.0 8.72664625997 8.72664625997 1.57079632679 2 0
Module_16 0.0 26.1799387799 26.1799387799 1.57079632679 2 0
Module_11 0.0 26.1799387799 26.1799387799 1.57079632679 1 0
Module_14 0.0 26.1799387799 26.1799387799 1.57079632679 2 0
Module_18 0.0 26.1799387799 26.1799387799 1.57079632679 2 0
